[[ 2.42489143e-01 -1.04162679e+00  1.83898175e+00 -6.38290121e-01
  -6.16859429e-01 -6.93673213e-01  1.68391345e+00  3.87798706e-01
  -7.82760062e-01 -4.64331898e-01 -3.04719991e-01  1.14381634e+00
   1.51823753e+00  4.30224199e-01 -7.19943502e-01 -2.92428180e+00
  -9.35098888e-01 -7.77057824e-01  9.75427208e-01 -6.64060537e-01]
 [-1.84892397e-01 -1.60933904e+00  5.01187458e-01  9.68387593e-02
   1.06347453e+00 -7.42993471e-02 -4.71523756e-01 -7.86335166e-01
  -4.50338787e-01  4.57888609e-01  5.44938809e-01 -4.89449542e-01
   3.57848463e-01  5.14269024e-01  1.31153998e+00  1.20490136e-01
   1.08397599e+00  1.30368956e+00  1.13370333e+00 -1.40125272e+00]
 [-6.13680785e-01 -2.10364913e-01  2.26571307e+00  2.00068975e-01
  -1.10130789e+00  1.34003299e+00  6.89233710e-01 -7.79415871e-01
   3.64989670e-01 -1.24047869e+00 -4.27135729e-01 -5.88979879e-01
  -6.54904431e-01  7.34770323e-01 -3.97886188e-01 -2.76275986e-01
   9.01441963e-01  5.19752130e-01  1.11819296e+00  7.83587410e-01]
 [ 1.03119644e+00  5.68687755e-01 -1.22484019e-02  8.52905005e-01
  -3.59045444e-01  1.11067542e-01  4.78028948e-01  1.81883276e+00
  -4.91205187e-01  4.41087671e-01  6.39183544e-01  8.84921108e-03
  -1.54305730e+00 -5.50092872e-01  2.10932731e-01  8.68806479e-01
   1.32251285e+00 -1.54236303e+00  6.84325030e-01  2.83736869e-02]
 [ 1.77595628e+00 -2.89964437e+00 -9.84499587e-01 -9.15376540e-01
  -1.05245320e+00  6.22843791e-01 -1.65612530e+00 -5.36737482e-01
   8.93095382e-01  1.87476848e+00  3.31907048e-01  2.42149890e-01
   1.20561014e+00 -2.76033418e-01  5.84197459e-01  7.22033560e-02
   2.48188420e-01  8.54196940e-01 -2.87704711e-01  1.89173402e+00]
 [ 1.69850956e+00 -6.37153713e-01 -3.43370316e-01 -1.48544330e+00
   2.09938672e+00  9.51021118e-01 -1.34909338e+00 -1.45844031e+00
  -6.12855456e-01  5.69618952e-01  4.34450226e-01 -7.73917616e-01
   3.02593950e-01 -2.44244769e-01  8.27663350e-01  1.19337335e+00
   7.27084295e-01 -1.10145058e-01  1.54369495e+00 -8.75140100e-01]
 [-1.44941422e-02 -3.72476740e-01  2.57081982e-01  1.10732908e+00
   1.72668851e-01  1.11357352e+00 -3.29630878e-01  2.90498817e-02
  -6.68362036e-01  1.10761293e+00 -1.61806794e-02 -7.04579219e-01
   1.11781700e+00  4.86509801e-01 -7.19754574e-01 -6.17506283e-01
  -1.42311298e+00  8.43610104e-01 -5.19310294e-01 -6.95791206e-01]
 [ 2.47663794e-02  1.47714565e+00  8.01255493e-01  3.60786506e-01
   2.74945493e-01  6.50593601e-02 -1.80780932e+00 -1.41849630e-01
  -3.99061935e-01  8.09879793e-01  1.81969439e+00  6.39966605e-02
  -9.85429123e-01 -6.87768181e-01 -7.05196036e-01  6.87052260e-01
   1.20316068e+00  2.82594142e-01  7.42519432e-01 -7.36903372e-01]
 [-8.46673911e-01  6.26663277e-01  1.62279046e+00  1.73964450e+00
   7.63836532e-01 -2.26102065e+00 -1.09751652e+00 -8.51986041e-01
   2.34451772e-02  2.74342367e-02 -4.50995306e-02 -1.32942270e+00
   4.01861316e-01  7.55486608e-01 -4.95204268e-01 -1.91269089e-01
  -2.56542048e-01  2.06443503e+00 -8.33072123e-01 -5.38048764e-02]
 [ 9.56208304e-01 -1.26882635e+00  3.92591619e-01  2.18099331e+00
  -2.04822532e-02 -1.36670593e+00  1.24166132e+00 -4.52424572e-01
   9.30343606e-01  4.24042379e-01  1.89793407e+00  5.20544662e-01
   7.31951257e-01  1.58221081e-01  7.07753594e-02 -9.01058483e-01
   1.84392414e-01 -1.90438039e-01 -1.33864193e-01  3.03886908e-01]
 [-1.72871599e-01  3.94409962e-01  7.07809339e-01 -1.26218025e-01
   1.00394133e+00 -2.15495152e-01 -1.65898677e+00 -2.43598000e+00
   6.84544107e-01  5.50864207e-01 -5.18250540e-01 -2.69665537e-01
  -1.65201534e+00 -6.50722712e-01  7.94004569e-01  9.52684521e-01
  -1.11843064e+00 -7.00071090e-01 -1.83917107e+00  2.06376156e+00]
 [ 3.29539109e-02  3.02682817e-01  1.46322816e+00 -1.08962596e+00
  -5.92683275e-01 -4.56232434e-01 -6.26381513e-01  3.84513492e-02
  -4.72840114e-01  9.71128593e-01 -3.32419195e-01  1.34146780e-01
  -1.86988979e+00 -5.89950916e-01 -3.08733309e-01 -6.40354489e-01
  -1.03457301e+00 -2.04331156e+00  5.10401542e-01  5.53295214e-01]
 [ 7.60214870e-01  1.66556031e-01 -5.12524304e-01  5.07393581e-01
  -1.10424367e-01 -1.79057514e+00 -6.56529020e-02  2.10928204e+00
  -4.51379593e-02  8.29523884e-01 -4.65014724e-01 -1.41157926e+00
   1.26503303e+00  3.25929073e-01 -4.62765174e-02  1.47113334e+00
  -1.26013224e+00 -4.89090365e-01 -8.11163095e-02  9.55763531e-01]
 [ 9.27839967e-02 -6.69633823e-01  5.38506840e-01  8.50385092e-01
  -1.15086020e+00  4.82531011e-02  5.60199339e-02 -1.10375345e+00
   1.57939137e+00 -7.32399343e-01 -7.95008587e-01  1.23692683e-03
  -7.11061769e-01  8.38162212e-01 -2.87161553e+00  3.89784838e-01
  -1.67345190e+00 -1.07476569e+00  9.10562717e-01 -6.82208491e-01]
 [ 5.39065144e-01 -6.05613992e-01 -1.73344450e-01  1.11134399e+00
  -7.63412280e-01 -6.96762634e-02 -2.61100329e-01  1.49231344e+00
  -1.11740485e+00  3.50007011e-01 -1.41760380e+00  1.20575431e+00
   4.40481352e-01 -6.06796231e-01 -9.66948491e-01 -1.60624394e+00
  -2.92126193e-01  1.69246968e-01 -4.02548762e-03  3.69305096e-01]
 [ 5.17434507e-01  2.31271444e-01  5.05736022e-01  2.53297518e+00
  -1.74367334e+00 -4.22853905e-01  5.99676233e-01  1.80003499e-01
   4.40061901e-01 -3.70828459e-01  1.73594291e-01  6.00122198e-01
  -3.54706106e-01  2.67825603e-01  4.85068325e-01  1.60905067e-02
  -1.45535857e-01 -9.89606850e-01 -1.96039336e-01 -3.75855353e-01]
 [ 5.42807254e-01 -2.56288461e-01 -1.64732491e-01  2.20292334e+00
  -6.56311617e-01 -3.71905953e-01 -1.79073628e+00  2.28134704e-01
   1.41874105e+00  1.67996594e-01 -8.12837644e-01  1.20271966e+00
  -9.27602467e-01 -5.96072680e-01  9.27387905e-01 -7.92576917e-01
  -9.44025824e-01 -5.35914786e-01  4.19165949e-01  1.57888564e+00]][[-6.90932444e-01  5.49931907e-01 -2.15544421e-01 -1.91967167e+00
   2.75377479e-03 -1.22535759e+00 -1.76043056e+00 -4.63609117e-01
   2.33571417e+00 -1.60993876e+00  7.02662765e-01 -4.05209224e-01
   4.51421931e-01 -1.30025716e+00  6.30842760e-01]
 [ 3.67687109e-01 -1.06739092e+00 -4.19528398e-01 -1.41040557e+00
  -2.13777024e+00  1.01197319e+00  2.38514591e-01 -1.27407577e+00
  -1.46130812e+00  8.05844407e-02 -6.53110618e-01  4.88659001e-01
  -8.11854735e-01  3.40357771e-01  1.74184317e+00]
 [-3.68623263e-01 -2.06297279e-01 -6.45614920e-01  5.22905126e-01
  -4.26900190e-01 -3.20025842e-01 -3.23537015e-02 -1.60121986e+00
  -1.21996588e+00 -5.40969885e-01 -9.60993260e-01 -3.05483541e-01
  -1.43653159e-01  5.74223643e-01 -6.72110291e-01]
 [-2.53698788e-01  3.07627958e-01 -4.00722516e-01  5.67027173e-01
  -8.80688314e-01  1.33625656e+00  4.98954347e-01 -1.04905182e+00
   8.29447436e-01  2.99485445e-01 -4.37813571e-01 -1.12510602e+00
  -5.03433330e-01 -6.37789384e-01  1.34460480e+00]
 [-4.11292499e-01 -6.39518376e-01  3.39608454e-01 -1.05589672e-01
  -1.49845130e-01 -1.96735119e+00 -7.96210524e-01  1.30656674e+00
  -9.07657344e-02  6.56367925e-01  3.13454964e-01  7.41460940e-01
   3.26310972e-02 -1.33440781e+00 -4.31232570e-01]
 [ 3.08562591e-03 -1.80737484e-01 -3.47698673e-02 -1.50970373e+00
  -6.43193932e-01 -2.55594091e-01 -4.13082423e-02 -7.41580172e-01
  -6.36943725e-01  9.88467216e-01 -1.61375691e-01 -1.93179093e+00
   1.58983502e+00 -1.57962423e+00  1.17872651e+00]
 [-1.06555479e+00 -1.68554307e+00  1.81738478e+00  5.67535681e-01
  -4.88358046e-01  3.35663547e-01 -3.51350638e-01 -8.30799874e-01
  -3.87134168e-01  1.25206559e+00  1.90711137e-01  9.60016048e-01
   1.66905287e-01  8.81033264e-02  4.19718146e-01]
 [-3.98112999e-01 -4.87832899e-01 -5.66163995e-02  4.58396403e-01
  -1.06869313e+00  1.89212547e+00  5.50778459e-01  8.66208397e-01
  -4.75280182e-01 -4.06689948e-01 -9.89923654e-02 -1.54197692e+00
   7.70724578e-01 -1.28718662e+00 -1.98917114e+00]
 [-4.74790938e-02 -5.32822446e-01  1.41695328e+00 -1.22919188e+00
  -3.16312289e-01  3.83539129e-01 -8.75281923e-01 -1.80137149e+00
   1.96903848e+00  7.15712706e-01  1.64790983e+00  2.55798057e-01
   1.33544936e-01  2.01518932e-01  5.85269582e-01]
 [-4.03890479e-01 -2.12952871e-01 -6.22414178e-01  2.19804257e-01
  -1.39721898e-01  4.41121789e-01 -1.63254651e+00  7.55404412e-01
  -3.16829892e-01 -1.58690236e+00  1.12264849e+00 -1.23223590e+00
  -3.90177409e-01  5.62388608e-01 -3.10445279e+00]
 [ 2.90125629e+00  1.05075710e+00  4.61936144e-01 -2.04904109e-01
   1.42448809e+00  6.15411519e-01  4.56468491e-01  8.60462946e-01
  -2.83699049e+00 -4.70867357e-01 -7.21869655e-01  8.06588051e-01
  -4.62593431e-02 -1.39362379e+00 -6.23740659e-01]
 [ 1.39868240e+00  8.65726933e-01  4.40205261e-01 -1.64203363e+00
  -2.81928109e+00  2.27903057e-01 -1.19748650e+00 -5.98110752e-01
  -1.46421716e+00  8.30768614e-01  5.72329946e-01 -2.32056422e-01
  -1.27967055e-01 -3.18753109e-01 -9.12997138e-01]
 [-5.78692243e-01  8.96620816e-02 -3.37428668e-01 -3.33458568e-01
  -1.63415329e+00 -5.55741324e-01  3.94415021e-01  5.72534805e-01
   1.32477301e+00  1.55669083e-01 -4.47927171e-01  1.86111569e-01
  -4.33337134e-01  2.01993712e+00 -1.69668597e+00]
 [ 3.48032084e-01  1.87312601e+00 -1.17207614e+00  1.48525196e+00
  -1.41251236e+00 -8.89584399e-01 -4.01703673e-02  7.26783568e-01
   5.89825126e-01  9.70170987e-01  1.35785253e+00  5.34310896e-01
  -2.20854542e+00  1.03363347e-01  5.50367561e-01]
 [ 5.91924555e-01  8.15707926e-01  2.72722626e-01  1.17617379e+00
   1.87221422e-01  2.95616886e+00 -6.31793711e-01 -3.58053514e-01
  -7.81369686e-01 -7.85324295e-02  8.07056409e-01  6.86050071e-01
  -3.14161499e-01 -1.86516144e+00  2.70174674e+00]
 [ 1.01631657e+00  9.19199977e-01  5.07011682e-02  5.31410147e-01
  -3.41956084e-01  1.25266586e-01  6.52520618e-01  1.40036370e+00
   1.35075631e+00 -3.83121016e-01 -2.58287419e-01 -5.93285140e-01
   1.23910279e+00  1.59222011e+00  5.92939246e-01]
 [ 1.55445830e-01  2.00512181e+00 -4.34823758e-01  6.63952865e-01
  -3.47639753e-02 -1.84358957e-01 -1.43617367e+00 -5.68277159e-01
  -4.12387832e-01 -1.54950219e+00  1.24841145e+00 -2.48649406e+00
   1.30776810e+00  7.87862669e-01  6.20570855e-02]
 [ 1.27910804e+00 -8.59720036e-01 -1.13659440e+00  9.28620693e-01
   1.61734116e-01 -9.53108331e-01 -1.02520640e+00  1.41583672e+00
  -3.57723778e-01  1.30497859e-01 -3.10625760e-01 -1.96742578e+00
   5.10895866e-01  3.18852122e-01 -8.64090552e-01]
 [ 1.33581752e+00 -5.28995704e-03  1.25164655e+00 -1.67517095e-01
  -1.39430591e+00  3.09585217e-01 -1.32822339e+00  1.19290044e+00
  -1.24927937e+00  6.51688361e-01 -2.12178597e+00 -1.82558626e+00
  -1.55074702e+00  2.09567799e-01  1.30368280e-01]
 [-1.24467727e+00 -1.23991738e+00  1.73991348e+00  6.48929132e-01
  -7.69174032e-01  3.61512082e-01  4.22570936e-01  1.01736017e+00
   1.24457305e+00 -2.43972700e-01 -8.63453754e-02 -2.62280882e-01
  -1.55406387e+00 -8.58193441e-01 -1.44296110e+00]][[-0.70129906 -0.52455988  1.22723642  0.23922332 -0.15315665 -1.07900308
  -1.12939909 -0.09383746 -1.9124929   0.90138138]
 [-1.4952778   0.14688071 -0.91115348 -1.11960176  0.93700972 -0.40093102
   1.33140845 -0.74467006  1.82411581  0.46243743]
 [ 0.12384135  0.35134685 -0.25578051 -0.58073298  0.27792532 -0.97807612
  -1.58080746  0.08465873  0.48395412  0.3163274 ]
 [-0.56377744  0.42525966  0.49717896  0.44558382 -0.57977464  0.09543271
  -0.76054144  0.27781762  0.65050492  1.27784338]
 [ 0.41170111 -0.03883916  0.11841554  1.27681683 -0.90162145 -1.59651168
  -0.60001422  0.22273794 -0.14293329  0.97470658]
 [-1.80315537 -0.16694628 -0.37169054  1.46201879 -2.11356986 -0.09957246
   1.18711492  1.62381563 -0.30445983 -0.87205842]
 [ 0.01696828 -0.01201879 -0.43359704  0.61022046  0.84191247 -1.51415461
  -1.23697435 -0.65531495  0.98356659  1.48466632]
 [-0.45682992  1.51541814  0.313388    0.54340421 -0.67501877 -1.18015916
  -0.82432162  0.9574268   1.53474998 -0.33831313]
 [ 0.49996305  2.29175996  0.66761289  0.8018825  -0.07660273 -1.65343265
  -0.27831028  0.31860673  0.6001241  -0.32505597]
 [-0.0063726   0.30582673 -1.33116888 -0.16093157 -0.69811137 -0.21635859
  -1.08996133  1.14951708  0.91536539  0.60520981]
 [-0.69654442  0.89909325 -0.36371904  1.44783942 -0.5726588   0.90097878
  -0.41813784 -0.69748531  0.36962548 -0.6451967 ]
 [-0.03311426  0.44228766  0.58785953 -0.30875082 -0.8843281  -1.27535242
   0.10556052 -1.17557459  0.11577987 -0.5061071 ]
 [ 0.16327008  0.7201739  -1.21405609 -0.05688651  0.44387696 -1.67554878
  -0.22037835  0.26587331  1.61918771  1.48111303]
 [-1.98904291  0.7347824  -0.94749624 -1.62736764 -0.22195007  0.01903305
  -0.75371369  0.63892093  0.9890014  -1.38521686]
 [-0.91082136 -0.28149529 -1.02449281 -0.42257719 -0.79437963 -0.50625972
   0.65308225  1.16309992 -1.53830892  0.25359947]][[ 1.08571731  0.72563331  0.16907779  0.46341041 -0.70237992  0.225705
   0.64308041]
 [-1.25163865  1.36217346  1.58283065 -0.10925642  1.59113693 -0.4140197
  -0.81159884]
 [ 0.05218283 -1.42563682 -0.98580049  2.07056315  0.64239887 -2.61957885
  -0.71904112]
 [ 0.04932353  1.01768991  0.70753498  0.5760985  -0.29371861  0.36273028
   0.85054107]
 [-0.68990068 -0.66079933  0.36609325  0.33243775 -0.97261151 -0.21401121
  -1.39840902]
 [ 0.64783047  0.26214     1.53554363 -1.79147551  0.5527797  -0.53383376
  -1.07843211]
 [ 1.4514116   0.4813239  -1.31008654 -0.26239714  0.27405478 -1.67324506
  -1.50509992]
 [ 0.38643193  0.30449897 -1.00927298  0.03105609 -0.22854415  0.00790565
   0.11798188]
 [ 0.09901474  0.74136034  0.95714812  1.25087343 -1.01663474 -0.86992378
  -1.04945452]
 [ 1.26354578  0.91222966 -1.60405594  0.87052808 -1.40393201  0.80806978
  -0.41687705]]
